3 0.3151948051948052 0.7182317073170732 0.11262987012987012 0.053353658536585365
3 0.3131493506493507 0.7408536585365854 0.10584415584415585 0.23579268292682928
3 0.09295454545454546 0.7693292682926829 0.07672077922077922 0.04878048780487805
3 0.7002597402597402 0.7700609756097562 0.09545454545454544 0.0350609756097561
3 0.5002272727272727 0.7713414634146342 0.08227272727272728 0.052865853658536584
3 0.9013961038961039 0.7715853658536586 0.08915584415584416 0.04829268292682927
3 0.7059415584415585 0.7782317073170731 0.13386363636363635 0.2952439024390244
3 0.8974675324675325 0.7832926829268293 0.1164935064935065 0.3053658536585366
3 0.09931818181818182 0.7924390243902439 0.12457792207792207 0.30335365853658536
3 0.49087662337662336 0.7959756097560975 0.13123376623376623 0.3003048780487805
3 0.09811688311688312 0.20426829268292682 0.09155844155844156 0.0975609756097561
3 0.2917857142857143 0.22664634146341464 0.07935064935064935 0.08128048780487805
3 0.09538961038961039 0.23579268292682928 0.11944805194805194 0.34347560975609753
3 0.2890909090909091 0.24646341463414634 0.14967532467532468 0.31402439024390244
3 0.49711038961038967 0.26420731707317074 0.08415584415584416 0.07518292682926829
3 0.6976948051948052 0.26628048780487806 0.07678571428571428 0.05896341463414634
3 0.9051948051948052 0.27719512195121954 0.08590909090909091 0.06554878048780488
3 0.5025324675324675 0.28152439024390247 0.1490909090909091 0.2723780487804878
3 0.6910714285714286 0.2901219512195122 0.13116883116883116 0.2794512195121951
3 0.8995129870129871 0.2965243902439025 0.12324675324675324 0.26676829268292684