3 0.8023888888888889 0.6106111111111111 0.19383333333333333 0.07877777777777778
3 0.21361111111111114 0.6194444444444445 0.20816666666666667 0.08133333333333334
3 0.5233888888888889 0.6267777777777778 0.20655555555555555 0.050499999999999996
3 0.7937777777777778 0.6651666666666667 0.22716666666666668 0.24849999999999997
3 0.21083333333333334 0.6661666666666667 0.23800000000000002 0.2505
3 0.5183333333333333 0.6681666666666667 0.2570555555555556 0.25455555555555553
3 0.5123333333333333 0.148 0.2005 0.103
3 0.21988888888888888 0.15505555555555556 0.19555555555555557 0.09694444444444444
3 0.8038888888888889 0.15633333333333332 0.207 0.09444444444444444
3 0.5158333333333333 0.18988888888888888 0.24194444444444443 0.23738888888888887
3 0.22194444444444447 0.19088888888888889 0.26022222222222224 0.25961111111111107
3 0.8006111111111112 0.2005 0.24588888888888888 0.24849999999999997