1 0.024583333333333336 0.7737777777777778 0.04916666666666667 0.27802777777777776
1 0.11333333333333333 0.5748055555555556 0.07220833333333333 0.14547222222222222
1 0.20708333333333334 0.6138888888888889 0.10689583333333334 0.17425
1 0.361 0.5809722222222222 0.03972916666666667 0.12080555555555555
1 0.39725 0.6231388888888889 0.06595833333333333 0.15572222222222223
1 0.42424999999999996 0.4626944444444444 0.08291666666666667 0.11880555555555557
1 0.5222291666666666 0.7187777777777777 0.13072916666666667 0.2358888888888889
1 0.5762291666666666 0.5948611111111112 0.07208333333333333 0.16705555555555557
1 0.514125 0.4354444444444444 0.045083333333333336 0.0705
1 0.6186666666666666 0.4225833333333333 0.07360416666666666 0.0756388888888889
1 0.698125 0.6128611111111111 0.07512500000000001 0.13516666666666666
1 0.7914583333333333 0.6760555555555555 0.23402083333333332 0.40355555555555556
1 0.6827083333333334 0.41180555555555554 0.02575 0.047888888888888884
1 0.7147083333333334 0.4005 0.029604166666666668 0.025249999999999998
1 0.9029583333333334 0.41025 0.035708333333333335 0.06330555555555556
1 0.9824166666666667 0.3819722222222222 0.027979166666666666 0.06230555555555555