1 0.1454 0.56784 0.08582 0.10941333333333333
1 0.22386 0.55936 0.06459999999999999 0.12637333333333334
1 0.34052 0.5855733333333334 0.14878 0.29034666666666664
1 0.44262 0.5969066666666667 0.08028 0.12877333333333332
1 0.31627999999999995 0.45557333333333333 0.0785 0.05941333333333334
1 0.49262 0.4870666666666667 0.03118 0.05453333333333333
1 0.53442 0.5040266666666666 0.05662 0.06906666666666667
1 0.6468400000000001 0.5008 0.0378 0.06261333333333334
1 0.71682 0.48344 0.06504 0.03272
1 0.78288 0.4971733333333333 0.02988 0.060186666666666666
1 0.95012 0.6106666666666667 0.08072 0.10776
1 0.9761799999999999 0.5654133333333333 0.045579999999999996 0.056106666666666666
1 0.89436 0.6716266666666667 0.10014 0.22488