1 0.086 0.5449096385542168 0.0907 0.11683734939759036
1 0.18418 0.517078313253012 0.08338 0.1433132530120482
1 0.25416 0.5143373493975903 0.05974 0.12686746987951805
1 0.31233999999999995 0.4937951807228916 0.05244 0.14602409638554215
1 0.36718 0.48466867469879515 0.0494 0.1496987951807229
1 0.42384 0.4883132530120482 0.06454 0.13509036144578312
1 0.46746 0.47370481927710845 0.0427 0.10587349397590361
1 0.51746 0.4814759036144578 0.05178 0.12686746987951805
1 0.56896 0.4636746987951807 0.06752 0.1405722891566265
1 0.6216799999999999 0.46686746987951805 0.056600000000000004 0.14147590361445783
1 0.6804600000000001 0.45819277108433737 0.05052 0.11864457831325301
1 0.72742 0.4422289156626506 0.046259999999999996 0.12506024096385543
1 0.7925599999999999 0.47644578313253017 0.07108 0.14421686746987952
1 0.85802 0.5065662650602409 0.07834 0.1496987951807229
1 0.9386 0.5385240963855421 0.0868 0.15882530120481927