1 0.1105 0.4886933333333333 0.10314 0.12997333333333333
1 0.18216 0.56496 0.09978000000000001 0.10474666666666667
1 0.19744 0.46056 0.060340000000000005 0.04704
1 0.27576 0.48757333333333336 0.09698000000000001 0.09664
1 0.30269999999999997 0.60272 0.12084 0.10914666666666667
1 0.18244 0.40834666666666664 0.02368 0.05373333333333333
1 0.24381999999999998 0.42317333333333335 0.0431 0.03005333333333333
1 0.31464 0.41426666666666667 0.04808 0.04781333333333333
1 0.33326 0.3683733333333333 0.06862 0.06266666666666666
1 0.42158 0.3287466666666667 0.0586 0.05010666666666667
1 0.4874 0.3694666666666667 0.06024 0.09597333333333334
1 0.5476599999999999 0.42464 0.05078 0.06853333333333333
1 0.5993200000000001 0.47424 0.08076 0.14997333333333335
1 0.63766 0.44648000000000004 0.05742 0.15221333333333334
1 0.69098 0.47128 0.07740000000000001 0.16181333333333334
1 0.72458 0.42573333333333335 0.06794 0.13741333333333333
1 0.79096 0.4427733333333333 0.07737999999999999 0.17146666666666666
1 0.88512 0.43424 0.10234 0.18554666666666667
1 0.67014 0.3357866666666667 0.05908 0.07749333333333333
1 0.41296 0.5253333333333333 0.09804 0.13661333333333334
1 0.37464 0.4527733333333333 0.061399999999999996 0.08925333333333332
1 0.46462 0.47352 0.06802 0.12183999999999999
1 0.52044 0.5209066666666666 0.08968000000000001 0.12773333333333334