1 0.046619999999999995 0.5558982035928144 0.05576 0.2155688622754491
1 0.09459999999999999 0.5788323353293413 0.12774 0.27344311377245506
1 0.17492 0.560868263473054 0.0684 0.213562874251497
1 0.24392 0.592814371257485 0.09036 0.2175748502994012
1 0.30524 0.566377245508982 0.061020000000000005 0.18263473053892215
1 0.37122000000000005 0.5918263473053892 0.057 0.17964071856287425
1 0.42788 0.5798502994011976 0.050320000000000004 0.15568862275449102
1 0.50088 0.5903293413173653 0.0723 0.18263473053892215
1 0.5672 0.5843413173652694 0.0676 0.1467065868263473
1 0.64452 0.5618862275449101 0.07558 0.19161676646706588
1 0.70584 0.5828443113772455 0.09154000000000001 0.18562874251497005
1 0.20658 0.8667664670658682 0.07972 0.11278443113772456
1 0.3629 0.8293413173652695 0.06834 0.12775449101796407