1 0.09126000000000001 0.6713213213213214 0.13708 0.3115915915915916
1 0.2369 0.6533033033033033 0.14436000000000002 0.3116216216216216
1 0.1686 0.4787087087087087 0.06772 0.1125825825825826
1 0.30856 0.4897297297297298 0.08368 0.08657657657657657
1 0.40954 0.6412912912912914 0.18564 0.3116216216216216
1 0.21058000000000002 0.38966966966966965 0.03972 0.06660660660660661
1 0.24958000000000002 0.34912912912912913 0.0417 0.07564564564564565
1 0.30457999999999996 0.33312312312312314 0.06768 0.05564564564564565
1 0.3619 0.3821621621621622 0.08634 0.09363363363363364
1 0.45022 0.3186186186186186 0.05098 0.11669669669669669
1 0.47054 0.4191891891891892 0.07164 0.10762762762762763
1 0.5855199999999999 0.37864864864864867 0.09759999999999999 0.17669669669669671
1 0.5905199999999999 0.6688288288288289 0.15958 0.26456456456456456
1 0.70384 0.6242942942942943 0.11422 0.22957957957957958
1 0.7698400000000001 0.6022822822822823 0.1022 0.2215915915915916
1 0.9077999999999999 0.6898198198198199 0.17814 0.2945645645645646
1 0.7105 0.4602102102102102 0.16488 0.14162162162162162
1 0.5172 0.5242642642642643 0.07696 0.053513513513513515