1 0.02422916666666667 0.5963888888888889 0.04679166666666667 0.10227777777777777
1 0.08595833333333333 0.5943333333333334 0.077625 0.09816666666666668
1 0.1658125 0.5845555555555555 0.06602083333333333 0.13005555555555556
1 0.2471875 0.576861111111111 0.08529166666666667 0.13724999999999998
1 0.35366666666666663 0.5604166666666667 0.09452083333333333 0.11669444444444443
1 0.442 0.4930277777777778 0.090625 0.17330555555555555
1 0.491375 0.49766666666666665 0.08752083333333333 0.20105555555555554
1 0.5862708333333334 0.5449722222222222 0.06435416666666667 0.09819444444444445
1 0.6796041666666667 0.5511388888888888 0.08439583333333332 0.13522222222222222
1 0.7528958333333333 0.53675 0.0735625 0.10641666666666667
1 0.8339166666666666 0.5434444444444444 0.07816666666666668 0.08894444444444445
1 0.8219583333333333 0.8278055555555556 0.08666666666666667 0.10830555555555556
1 0.648375 0.8869444444444444 0.09133333333333334 0.08461111111111111