1 0.06528 0.5012349397590361 0.07709999999999999 0.08882530120481927
1 0.12226000000000001 0.5534337349397591 0.05908 0.09680722891566265
1 0.16097999999999998 0.4427409638554217 0.062380000000000005 0.08228915662650603
1 0.22534 0.44234939759036146 0.05876 0.09846385542168674
1 0.18406 0.5477409638554217 0.05314 0.09144578313253011
1 0.25404 0.5419578313253012 0.06695999999999999 0.1030421686746988
1 0.27456 0.43927710843373496 0.034140000000000004 0.06451807228915662
1 0.31018 0.44813253012048193 0.07772 0.08072289156626507
1 0.32454 0.5357831325301204 0.0695 0.1092168674698795
1 0.38916 0.4693674698795181 0.06334000000000001 0.08765060240963855
1 0.40248 0.5326807228915662 0.07154 0.1030421686746988
1 0.41248 0.43346385542168675 0.03308 0.05756024096385542
1 0.46298 0.43385542168674696 0.057159999999999996 0.0722289156626506
1 0.47836 0.5307530120481928 0.06946 0.12234939759036144
1 0.5322 0.4388855421686747 0.060219999999999996 0.05909638554216868
1 0.5565599999999999 0.535 0.06276 0.1169578313253012
1 0.5973200000000001 0.4500903614457831 0.048920000000000005 0.05831325301204819
1 0.6280800000000001 0.537710843373494 0.06736 0.11771084337349397
1 0.65988 0.46475903614457836 0.03864 0.04132530120481928
1 0.69038 0.5419578313253012 0.0535 0.1030421686746988
1 0.7239800000000001 0.4574096385542169 0.0499 0.05909638554216868
1 0.7573 0.5596987951807229 0.07348 0.12003012048192771
1 0.7860199999999999 0.46629518072289156 0.04476 0.07219879518072289
1 0.82704 0.5569879518072289 0.0591 0.10072289156626506
1 0.8696 0.5450301204819277 0.045759999999999995 0.09069277108433735
1 0.93726 0.5481325301204819 0.0888 0.10614457831325302
1 0.5035 0.3879216867469879 0.03356 0.040602409638554215
1 0.56524 0.387078313253012 0.03084 0.048584337349397586
1 0.6805599999999999 0.3910843373493976 0.02948 0.0405421686746988
1 0.82898 0.4365963855421686 0.02766 0.05123493975903615
1 0.88252 0.46635542168674704 0.03608 0.042499999999999996
1 0.93162 0.4429518072289157 0.03028 0.05189759036144578
1 0.9651799999999999 0.4439457831325301 0.030719999999999997 0.05792168674698795