1 0.20354 0.5577485380116959 0.10588 0.16195906432748539
1 0.33104 0.4047076023391813 0.07751999999999999 0.10438596491228071
1 0.1741 0.29792397660818715 0.09368000000000001 0.1361111111111111
1 0.2791 0.29874269005847953 0.10364 0.12152046783625732
1 0.35602 0.3125438596491228 0.060840000000000005 0.12961988304093566
1 0.41046 0.28251461988304094 0.04306 0.102046783625731
1 0.45574000000000003 0.30929824561403507 0.09692 0.15236842105263157
1 0.50822 0.25894736842105265 0.06523999999999999 0.12964912280701754
1 0.5576599999999999 0.3807309941520468 0.07744 0.14906432748538012
1 0.60126 0.27964912280701754 0.07465999999999999 0.1174561403508772
1 0.7270800000000001 0.38885964912280707 0.11628 0.2042690058479532
1 0.78874 0.4444736842105263 0.046259999999999996 0.16444444444444445
1 0.8320599999999999 0.27517543859649124 0.07958 0.17187134502923976
1 0.8859400000000001 0.41157894736842104 0.134 0.21076023391812865
1 0.49516000000000004 0.6592105263157895 0.16246000000000002 0.247953216374269
1 0.76652 0.82406432748538 0.14848 0.21698830409356723
1 0.7115199999999999 0.25166666666666665 0.05852 0.04684210526315789