1 0.11989999999999999 0.4750595238095238 0.0872 0.22678571428571428
1 0.20400000000000001 0.4619642857142857 0.09473333333333334 0.27095238095238094
1 0.3779666666666667 0.4191666666666667 0.06390000000000001 0.115
1 0.4898 0.49666666666666665 0.060333333333333336 0.18345238095238095
1 0.5662999999999999 0.5264285714285715 0.09513333333333333 0.25375000000000003
1 0.3012 0.4998214285714286 0.074 0.1843452380952381
1 0.27493333333333336 0.3727380952380952 0.033633333333333335 0.060059523809523806
1 0.5418333333333334 0.33714285714285713 0.06133333333333333 0.059166666666666666
1 0.6683 0.5043452380952381 0.1052 0.15011904761904762
1 0.6557000000000001 0.375 0.07996666666666666 0.06994047619047619
1 0.7437999999999999 0.4317261904761905 0.10166666666666667 0.24845238095238095
1 0.8339333333333333 0.5467261904761904 0.09103333333333333 0.18071428571428572
1 0.9334333333333332 0.554404761904762 0.08996666666666667 0.13654761904761906
1 0.8745999999999999 0.41642857142857137 0.07233333333333333 0.1167857142857143
1 0.4206333333333333 0.5372023809523809 0.07346666666666667 0.3186904761904762
1 0.9783000000000001 0.4354166666666667 0.0434 0.0825595238095238
1 0.6650333333333333 0.9595238095238094 0.15016666666666667 0.08101190476190476