1 0.1390625 0.35 0.0453125 0.05555555555555555
1 0.271875 0.31666666666666665 0.04375 0.05
1 0.33515625 0.30277777777777776 0.0453125 0.05555555555555555
1 0.403125 0.31527777777777777 0.0421875 0.05277777777777778
1 0.47109375 0.30694444444444446 0.0453125 0.058333333333333334
1 0.78203125 0.35 0.04375 0.05555555555555555
1 0.71015625 0.3388888888888889 0.04375 0.041666666666666664
1 0.65 0.3375 0.0484375 0.05
1 0.57265625 0.2861111111111111 0.0453125 0.03333333333333333
1 0.528125 0.34305555555555556 0.0484375 0.05
1 0.171875 0.5416666666666666 0.0515625 0.04722222222222222
1 0.265625 0.5555555555555556 0.0515625 0.05
1 0.3578125 0.5194444444444445 0.04375 0.04722222222222222
1 0.43671875 0.5416666666666666 0.0546875 0.06388888888888888
1 0.52890625 0.5416666666666666 0.0453125 0.06388888888888888
1 0.66015625 0.5555555555555556 0.059375 0.06666666666666667
1 0.76484375 0.5541666666666667 0.0546875 0.06388888888888888