1 0.139 0.3506666666666667 0.046 0.056
1 0.272 0.316 0.044 0.050666666666666665
1 0.335 0.30266666666666664 0.046 0.056
1 0.403 0.31466666666666665 0.042 0.05333333333333334
1 0.471 0.30666666666666664 0.046 0.058666666666666666
1 0.77 0.352 0.02 0.058666666666666666
1 0.71 0.33866666666666667 0.044 0.042666666666666665
1 0.65 0.3373333333333333 0.048 0.050666666666666665
1 0.573 0.2866666666666667 0.046 0.034666666666666665
1 0.528 0.3426666666666667 0.048 0.050666666666666665
1 0.172 0.5413333333333333 0.052 0.048
1 0.266 0.556 0.052 0.050666666666666665
1 0.358 0.52 0.044 0.048
1 0.437 0.5413333333333333 0.054 0.064
1 0.529 0.5413333333333333 0.046 0.064
1 0.66 0.556 0.06 0.06666666666666667
1 0.759 0.556 0.042 0.06666666666666667