1 0.33964 0.7035928143712575 0.0514 0.08149700598802395
1 0.4013 0.6994311377245509 0.05472 0.07317365269461078
1 0.44324 0.7102395209580838 0.04192 0.09482035928143713
1 0.37992000000000004 0.6108682634730539 0.02862 0.07068862275449102
1 0.5448999999999999 0.6004790419161676 0.02524 0.04491017964071856
1 0.61182 0.657005988023952 0.02244 0.04823353293413173
1 0.64544 0.6682335329341317 0.03964 0.0557185628742515
1 0.6718200000000001 0.6561976047904191 0.029079999999999998 0.056556886227544914
1 0.70014 0.6129341317365269 0.03908 0.059880239520958084
1 0.8118 0.5908982035928144 0.0357 0.07068862275449102
1 0.23828 0.6054491017964072 0.01866 0.05488023952095808
1 0.27132 0.6100299401197605 0.02142 0.05904191616766467
1 0.027100000000000003 0.6027844311377246 0.02124 0.06119760479041916