1 0.1456312625250501 0.5803303303303303 0.1298196392785571 0.22432432432432434
1 0.26046092184368735 0.45795795795795796 0.10973947895791583 0.1274174174174174
1 0.35909819639278556 0.578018018018018 0.10765531062124248 0.13966966966966968
1 0.42845691382765533 0.46258258258258256 0.13743486973947897 0.13666666666666666
1 0.5265931863727454 0.5349249249249249 0.09937875751503007 0.1981981981981982
1 0.6390981963927856 0.5741741741741742 0.08392785571142285 0.14735735735735736
1 0.7318436873747495 0.47180180180180187 0.14915831663326654 0.16435435435435433
1 0.8890581162324649 0.49180180180180183 0.12444889779559118 0.16741741741741742
1 0.578997995991984 0.4494894894894895 0.0562124248496994 0.11048048048048048
1 0.6080360721442887 0.3986786786786787 0.04334669338677354 0.05510510510510511
1 0.31004008016032064 0.3678978978978979 0.027014028056112225 0.03972972972972973