1 0.17024 0.5313186813186813 0.07734 0.11524725274725275
1 0.12782 0.4393681318681319 0.0216 0.036236263736263735
1 0.13996 0.4573076923076923 0.022019999999999998 0.027884615384615386
1 0.25882 0.4977197802197802 0.08642 0.20024725274725275
1 0.32826 0.44700549450549454 0.0453 0.09425824175824177
1 0.38492000000000004 0.49239010989010984 0.06528 0.11634615384615385
1 0.44433999999999996 0.44739010989010985 0.05082 0.11788461538461538
1 0.47268 0.4843681318681319 0.06748 0.13236263736263737
1 0.52378 0.5244230769230769 0.06302 0.12546703296703296
1 0.5993200000000001 0.45920329670329674 0.060759999999999995 0.1095054945054945
1 0.5585 0.4130494505494505 0.04244 0.07673076923076923
1 0.65042 0.4370879120879121 0.056299999999999996 0.11104395604395605
1 0.7082 0.4813186813186813 0.0785 0.16288461538461538
1 0.74902 0.41609890109890113 0.050159999999999996 0.11945054945054945
1 0.80984 0.5392857142857144 0.09514 0.20557692307692307
1 0.8976000000000001 0.42258241758241755 0.104 0.20107142857142857