1 0.17658000000000001 0.5995466666666667 0.15572 0.25688
1 0.31689999999999996 0.6324533333333333 0.12834 0.20533333333333334
1 0.43954000000000004 0.6697866666666666 0.13363999999999998 0.216
1 0.55652 0.7377866666666667 0.1556 0.24
1 0.7451599999999999 0.8537866666666667 0.14887999999999998 0.264
1 0.7878200000000001 0.58712 0.17818 0.25333333333333335
1 0.72084 0.3764533333333333 0.14422 0.152
1 0.6841799999999999 0.6044533333333333 0.0709 0.29333333333333333
1 0.57652 0.5511199999999999 0.14758000000000002 0.21866666666666668
1 0.5855199999999999 0.3764533333333333 0.1216 0.14133333333333334
1 0.26492 0.48488000000000003 0.07236 0.10221333333333332
1 0.37589999999999996 0.4017866666666666 0.10632 0.176
1 0.44022 0.5017866666666666 0.12696 0.104
1 0.4782 0.40088 0.13096000000000002 0.11021333333333333