1 0.07908 0.6196524064171123 0.12132 0.1853475935828877
1 0.046619999999999995 0.47347593582887704 0.06376 0.0931283422459893
1 0.12994 0.49620320855614974 0.0384 0.07973262032085561
1 0.16126 0.43117647058823527 0.02906 0.05663101604278075
1 0.25792000000000004 0.4382887700534759 0.05436 0.08157754010695188
1 0.32489999999999997 0.4476470588235294 0.05634 0.09491978609625669
1 0.40322 0.6262566844919786 0.11298 0.2008288770053476
1 0.42656 0.492192513368984 0.06098 0.09844919786096257
1 0.36724 0.44141711229946523 0.033 0.08245989304812834
1 0.35524 0.3799465240641711 0.025 0.034385026737967915
1 0.40122 0.41601604278074866 0.021 0.04772727272727273
1 0.50254 0.3794919786096257 0.039619999999999995 0.0495187165775401
1 0.54088 0.4329411764705882 0.039700000000000006 0.08157754010695188
1 0.63186 0.45877005347593586 0.03958 0.07975935828877005
1 0.5832 0.4204812834224599 0.02494 0.05663101604278075
1 0.7021799999999999 0.49173796791443847 0.0589 0.1243048128342246
1 0.80848 0.6400802139037433 0.13952 0.22310160427807485
1 0.7805 0.4218181818181818 0.02754 0.043262032085561494
1 0.82282 0.4329411764705882 0.0282 0.06018716577540107
1 0.92048 0.5068716577540107 0.0755 0.15457219251336898
1 0.9788 0.5091176470588236 0.03614 0.1322994652406417
1 0.96548 0.39954545454545454 0.041479999999999996 0.05219251336898396
1 0.01462 0.44986631016042783 0.023780000000000003 0.08334224598930481