1 0.13482 0.3420975609756097 0.11468 0.17634146341463414
1 0.05382 0.4246341463414634 0.10036 0.14634146341463414
1 0.27096 0.38521951219512196 0.07004 0.18009756097560978
1 0.38454 0.40648780487804875 0.06026 0.1175609756097561
1 0.43094 0.29892682926829267 0.05768 0.1275609756097561
1 0.4635 0.44029268292682927 0.07048 0.2151219512195122
1 0.50862 0.5059512195121951 0.1115 0.26390243902439026
1 0.62142 0.7110731707317074 0.10326 0.2689268292682927
1 0.74858 0.6603902439024391 0.1545 0.2651707317073171
1 0.82114 0.49843902439024396 0.06884 0.15882926829268293
1 0.80036 0.1982439024390244 0.07346 0.1888780487804878
1 0.93676 0.24765853658536588 0.08778 0.13009756097560976
1 0.92676 0.45839024390243904 0.05856 0.10882926829268293
1 0.9679800000000001 0.6916585365853658 0.06406 0.17760975609756097
1 0.90932 0.8652195121951219 0.17752 0.2695609756097561
1 0.73934 0.8727317073170732 0.16063999999999998 0.25453658536585366
1 0.62526 0.9393170731707318 0.14478 0.1175609756097561
1 0.53886 0.7829756097560975 0.12891999999999998 0.24014634146341463
1 0.44527999999999995 0.9430731707317074 0.14176 0.11004878048780488
1 0.38222 0.743609756097561 0.15102000000000002 0.28892682926829266
1 0.30172000000000004 0.571609756097561 0.11309999999999999 0.207609756097561
1 0.20942 0.8727317073170732 0.13774 0.25453658536585366
1 0.30146 0.9361951219512195 0.13412000000000002 0.11882926829268292
1 0.14046 0.6854146341463414 0.10136 0.21014634146341463
1 0.054079999999999996 0.6041463414634146 0.10394 0.1826341463414634
1 0.0692 0.8708780487804878 0.12495999999999999 0.2582926829268293