1 0.12092184368737476 0.5798253275109171 0.18066132264529058 0.28838427947598255
1 0.2661923847695391 0.5206113537117903 0.08472945891783568 0.14497816593886464
1 0.3950100200400802 0.2841484716157205 0.06751503006012023 0.10253275109170305
1 0.5545891783567134 0.4114847161572053 0.09180360721442886 0.15126637554585154
1 0.6552505010020041 0.38082969432314406 0.06981963927855712 0.12117903930131005
1 0.7509018036072144 0.4462882096069869 0.06931863727454911 0.13982532751091706
1 0.9030861723446894 0.5523144104803493 0.07595190380761523 0.13978165938864628
1 0.9733466933867735 0.5309606986899563 0.05330661322645291 0.3154148471615721
1 0.4045490981963928 0.681703056768559 0.10376753507014028 0.10537117903930131
1 0.5185571142284569 0.6941921397379912 0.12567134268537075 0.19266375545851527
1 0.610881763527054 0.6510480349344978 0.08987975951903808 0.11266375545851529
1 0.3315430861723447 0.7861572052401746 0.04939879759519038 0.09593886462882095