1 0.13432865731462926 0.32093093093093095 0.04555110220440882 0.08441441441441441
1 0.15821643286573148 0.4194594594594595 0.05324649298597194 0.07819819819819819
1 0.18082164328657316 0.2824624624624625 0.04913827655310621 0.08135135135135135
1 0.20240480961923848 0.24474474474474475 0.024468937875751506 0.07984984984984984
1 0.2676553106212425 0.27513513513513516 0.062464929859719444 0.0806006006006006
1 0.2255310621242485 0.4067567567567567 0.05220440881763527 0.0851051051051051
1 0.26456913827655315 0.3702102102102102 0.05014028056112224 0.0812912912912913
1 0.34318637274549096 0.2593693693693694 0.0655310621242485 0.08135135135135135
1 0.3922444889779559 0.20702702702702702 0.03725450901803607 0.06906906906906907
1 0.4325851703406814 0.20393393393393391 0.03466933867735471 0.06291291291291291
1 0.4839478957915832 0.22396396396396395 0.05727454909819639 0.07522522522522523
1 0.548937875751503 0.22126126126126128 0.05466933867735471 0.06522522522522523
1 0.3074749498997996 0.49375375375375374 0.06707414829659318 0.0866066066066066
1 0.3914629258517034 0.3994594594594595 0.07579158316633267 0.08435435435435436
1 0.8589979959919839 0.5691591591591592 0.19072144288577156 0.24357357357357357