1 0.07945945945945947 0.75766 0.15672672672672672 0.13666
1 0.19354354354354356 0.733 0.10864864864864865 0.10334
1 0.2475975975975976 0.7093400000000001 0.0845945945945946 0.076
1 0.3261561561561562 0.745 0.07957957957957958 0.07134
1 0.3842042042042042 0.737 0.06354354354354354 0.07134
1 0.49630630630630634 0.723 0.11954954954954955 0.09134
1 0.5943843843843845 0.8056599999999999 0.09951951951951953 0.08066
1 0.575885885885886 0.71066 0.056486486486486485 0.03066
1 0.6734534534534534 0.722 0.04144144144144144 0.06934
1 0.723003003003003 0.72034 0.05042042042042042 0.07
1 0.6314414414414414 0.72334 0.04144144144144144 0.056
1 0.7845645645645646 0.73434 0.05942942942942943 0.09
1 0.8986486486486487 0.74534 0.15546546546546547 0.132
1 0.26861861861861863 0.89334 0.15066066066066067 0.124
1 0.3527027027027027 0.842 0.09057057057057057 0.08534
1 0.702972972972973 0.888 0.13051051051051052 0.08134000000000001