1 0.0544 0.7633731343283582 0.07094 0.09059701492537314
1 0.08356 0.7297910447761193 0.15924000000000002 0.12791044776119403
1 0.06302 0.3928358208955224 0.11148000000000001 0.22513432835820896
1 0.16216 0.48194029850746267 0.08646 0.22919402985074627
1 0.26632 0.3758507462686567 0.11142 0.17623880597014926
1 0.29604 0.5901194029850746 0.04086 0.09235820895522388
1 0.35825999999999997 0.4094328358208955 0.0875 0.10907462686567164
1 0.2627 0.731044776119403 0.17418 0.1718507462686567
1 0.37157999999999997 0.6237014925373134 0.12082 0.0948358208955224
1 0.29604 0.8968358208955224 0.11418 0.1153731343283582
1 0.44906 0.39199999999999996 0.09692 0.124
1 0.5168400000000001 0.3944776119402985 0.11245999999999999 0.19859701492537313
1 0.63182 0.4160298507462687 0.15574000000000002 0.27152238805970147
1 0.7509600000000001 0.3853731343283582 0.11072 0.22014925373134328
1 0.879 0.40814925373134325 0.15456 0.27071641791044776
1 0.70014 0.26065671641791044 0.05908 0.03537313432835821
1 0.90178 0.2312238805970149 0.062340000000000007 0.08098507462686567
1 0.9702999999999999 0.35677611940298504 0.0594 0.26743283582089555