1 0.04332 0.4677114427860697 0.05824 0.17253731343283582
1 0.10081999999999999 0.4739303482587065 0.053219999999999996 0.18497512437810945
1 0.15309999999999999 0.4464676616915423 0.05528 0.18601990049751244
1 0.22622 0.3936318407960199 0.05902 0.15497512437810945
1 0.29036 0.4355721393034826 0.05232 0.1580597014925373
1 0.35474 0.4039800995024876 0.05356 0.17567164179104477
1 0.4089 0.41432835820895525 0.04188 0.13422885572139304
1 0.45014 0.4412935323383085 0.04436 0.12592039800995025
1 0.497 0.3884079601990049 0.055600000000000004 0.15706467661691542
1 0.547 0.389452736318408 0.05558 0.14666666666666667
1 0.60324 0.3811940298507463 0.048060000000000005 0.1300995024875622
1 0.62406 0.4796019900497513 0.03972 0.12796019900497513
1 0.67822 0.4153731343283582 0.061380000000000004 0.16119402985074627
1 0.7405 0.42263681592039803 0.0551 0.2129850746268657
1 0.7777999999999999 0.40343283582089556 0.02052 0.20572139303482587
1 0.85112 0.46716417910447766 0.04882 0.16527363184079602
1 0.88652 0.43402985074626865 0.05464 0.19845771144278607
1 0.9481799999999999 0.4308955223880597 0.056299999999999996 0.167363184079602