1 0.10178356713426853 0.37663663663663666 0.08649298597194388 0.23774774774774776
1 0.1055310621242485 0.6181081081081081 0.13909819639278556 0.22522522522522523
1 0.18735470941883767 0.675045045045045 0.12236472945891784 0.19645645645645646
1 0.23869739478957916 0.8458558558558559 0.15991983967935872 0.2903003003003003
1 0.5217034068136273 0.9141741741741742 0.2750501002004008 0.17168168168168169
1 0.7321042084168337 0.8558558558558559 0.18480961923847694 0.26525525525525523
1 0.17941883767535072 0.37663663663663666 0.1315430861723447 0.20771771771771771
1 0.2604008016032064 0.3247147147147147 0.05304609218436874 0.09633633633633633
1 0.2783567134268537 0.5324024024024023 0.08392785571142285 0.10636636636636637
1 0.34889779559118234 0.7038438438438438 0.09977955911823647 0.16390390390390389
1 0.4849699398797595 0.5974774774774775 0.15150300601202404 0.1463963963963964
1 0.61062124248497 0.6712912912912913 0.09719438877755511 0.1288888888888889
1 0.6811823647294589 0.5593093093093093 0.08296593186372746 0.10759759759759759
1 0.5438476953907816 0.49738738738738736 0.12392785571142285 0.11135135135135135
1 0.7776152304609217 0.6431531531531531 0.09046092184368737 0.11012012012012012
1 0.94749498997996 0.46858858858858854 0.10460921843687375 0.17393393393393394
1 0.3021442885771543 0.43669669669669664 0.07641282565130261 0.10261261261261262
1 0.3251102204408817 0.2909309309309309 0.0805811623246493 0.07381381381381381
1 0.45284569138276554 0.44294294294294295 0.06216432865731463 0.1151051051051051
1 0.38312625250501003 0.43042042042042045 0.06803607214428858 0.06006006006006006
1 0.4023246492985972 0.29903903903903906 0.056352705410821644 0.06756756756756757
1 0.48206412825651307 0.30654654654654656 0.09054108216432866 0.052552552552552555
1 0.5751503006012024 0.28216216216216217 0.061302605210420844 0.05630630630630631
1 0.6294188376753507 0.3027927927927928 0.04959919839679359 0.09009009009009009
1 0.677434869739479 0.28027027027027024 0.040400801603206415 0.06006006006006006
1 0.7387775551102204 0.3128228228228228 0.07795591182364729 0.09510510510510511
1 0.7951503006012024 0.2777777777777778 0.055390781563126254 0.13012012012012011
1 0.8828056112224448 0.2777777777777778 0.09042084168336673 0.13012012012012011
1 0.7579759519038076 0.43543543543543545 0.10633266533066132 0.10009009009009008