1 0.214188376753507 0.43525525525525527 0.07234468937875752 0.1254954954954955
1 0.27693386773547096 0.4356156156156156 0.05180360721442886 0.13906906906906907
1 0.21729458917835673 0.3541441441441442 0.09284569138276552 0.09624624624624624
1 0.3360721442885771 0.42774774774774776 0.09567134268537074 0.13192192192192193
1 0.40072144288577155 0.39774774774774774 0.06751503006012023 0.08906906906906907
1 0.4469939879759519 0.43384384384384383 0.07989979959919839 0.11405405405405404
1 0.4987575150300601 0.4141741741741741 0.06032064128256513 0.10477477477477477
1 0.5541082164328658 0.4091591591591592 0.0450501002004008 0.12051051051051052
1 0.5848697394789579 0.40951951951951954 0.04074148296593186 0.11693693693693694
1 0.6437875751503006 0.4238138138138138 0.08128256513026053 0.16267267267267269
1 0.7337274549098196 0.4502702702702703 0.06931863727454911 0.12975975975975976
1 0.8007414829659318 0.37735735735735737 0.07454909819639279 0.15555555555555556
1 0.3983366733466934 0.6118018018018018 0.12000000000000001 0.14396396396396396