1 0.33216666666666667 0.6428611111111111 0.25145833333333334 0.34655555555555556
1 0.4775 0.4933888888888889 0.13139583333333332 0.1957777777777778
1 0.6401666666666667 0.42725 0.09960416666666667 0.1746111111111111
1 0.7939166666666666 0.4920555555555555 0.10947916666666666 0.1296388888888889
1 0.9035208333333333 0.5039722222222223 0.12035416666666668 0.13227777777777777
1 0.5672708333333334 0.47025 0.06689583333333333 0.07805555555555556
1 0.14470833333333333 0.6970833333333333 0.13843750000000002 0.09525
1 0.063375 0.57275 0.059104166666666666 0.13227777777777777
1 0.12039583333333333 0.9298888888888889 0.1553125 0.11638888888888889
1 0.6624791666666667 0.9636111111111111 0.11447916666666667 0.07275000000000001
1 0.952125 0.9556944444444445 0.08660416666666666 0.08861111111111111
1 0.8732708333333333 0.6858333333333333 0.08960416666666667 0.11244444444444443