1 0.5120081967213115 0.1325 0.1919262295081967 0.09762
1 0.39209016393442625 0.25358 0.1706967213114754 0.05976
1 0.5522131147540984 0.3217 0.20860655737704917 0.08934
1 0.7055327868852459 0.29988 0.0780327868852459 0.05012
1 0.8914344262295082 0.2125 0.1857377049180328 0.03536
1 0.13639344262295083 0.27248 0.12372950819672132 0.030879999999999998
1 0.23200819672131148 0.338 0.16922131147540984 0.05082
1 0.0976639344262295 0.45388 0.18295081967213114 0.18034
1 0.3761475409836066 0.4883 0.36040983606557375 0.2092
1 0.7495081967213114 0.4724 0.275327868852459 0.15516
1 0.9104098360655737 0.34504 0.15991803278688527 0.06934
1 0.5567622950819672 0.45239999999999997 0.14483606557377052 0.17737999999999998
1 0.9470901639344262 0.46498 0.10581967213114754 0.21144
1 0.6971311475409836 0.7526799999999999 0.3436065573770492 0.14238
1 0.9478688524590164 0.65938 0.10426229508196722 0.12468000000000001