1 0.15994 0.5234029850746269 0.08868000000000001 0.15292537313432836
1 0.22522 0.556955223880597 0.05588 0.16534328358208955
1 0.25744 0.5992537313432836 0.08031999999999999 0.14044776119402985
1 0.33826 0.5772835820895522 0.07196 0.13134328358208955
1 0.30992000000000003 0.4823880597014925 0.028640000000000002 0.046029850746268655
1 0.38101999999999997 0.5437014925373134 0.0575 0.10898507462686567
1 0.42657999999999996 0.5229850746268656 0.048600000000000004 0.13716417910447762
1 0.45546 0.583910447761194 0.0597 0.13465671641791044
1 0.51822 0.5582089552238806 0.06523999999999999 0.10316417910447762
1 0.546 0.49232835820895526 0.040780000000000004 0.046
1 0.60738 0.580179104477612 0.08020000000000001 0.18191044776119403
1 0.65986 0.6957910447761194 0.09518 0.1495223880597015
1 0.7654 0.7642089552238805 0.1196 0.15194029850746268
1 0.7026399999999999 0.5797611940298507 0.0674 0.0666865671641791
1 0.7704 0.5789253731343283 0.0696 0.15453731343283583
1 0.86566 0.6398507462686567 0.10346 0.20176119402985077
1 0.33158 0.7774626865671641 0.09196 0.13865671641791047
1 0.42546 0.7459701492537314 0.06638 0.08564179104477612
1 0.52044 0.7401492537313432 0.10968000000000001 0.15361194029850747